lastAccountName: Coronaviruz2020
timestamps:
  login: 1596802275314
  logout: 1596802816024
  lastteleport: 1596802582940
ipAddress: 192.168.0.4
logoutlocation:
  world: LOBBY1vs1
  x: -6.617593325463648
  y: 51.0
  z: -3.4987003193381145
  yaw: -238.94986
  pitch: -18.599995
lastlocation:
  world: Lobby
  x: -11.832295463401765
  y: 65.5
  z: -7.1006681565689265
  yaw: -257.6
  pitch: 11.6999855
money: '8.875'
nickname: SuzuMods2
