world: Creativo
x: 1029.4383970750096
y: 5.0625
z: 954.5696288402631
yaw: -359.25104
pitch: 6.9000072
name: creativo
