world: end
x: 16.061021452242855
y: 63.0
z: 5.517808455536419
yaw: -268.0499
pitch: 7.950011
name: end
