world: fullpvp2
x: -569.458589243678
y: 17.0
z: 2111.5097579789563
yaw: -181.19582
pitch: -8.549959
name: fullpvp
