world: MegaCreativo
x: 5062.715436830206
y: 6.0
z: 5061.506824567986
yaw: -270.15103
pitch: 6.9000115
name: gamemaker
