world: Nether
x: -70.46455705535885
y: 69.0
z: -46.601304427711746
yaw: -178.80035
pitch: 8.099971
name: nether
