world: Mientras
x: 0.3360251433621231
y: 15.657068568123826
z: 10.64403744624229
yaw: 13.199626
pitch: 44.10005
name: nuevoskypvp
