world: Parcelas
x: 954.3230278388957
y: 66.0625
z: 958.480434114498
yaw: -89.56342
pitch: 5.0999956
name: Parcelas
