world: LOBBY1vs1
x: 1.0781246236742288
y: 55.0
z: 29.193691816662856
yaw: -181.49988
pitch: 8.849999
name: practice
