world: Lobby
x: 0.5328435522803143
y: 62.0
z: 110.42192999564499
yaw: -359.70947
pitch: -14.099946
name: presurvival
