world: Survival
x: -2.526185476278772
y: 65.0
z: -3.335873826663329
yaw: 89.99962
pitch: 0.15000373
name: survival
