world: bridge-maps
x: -999.5017691150774
y: 100.0
z: -999.5104221768124
yaw: -180.01031
pitch: 4.9499097
name: thebridge
