world: SpawnTnT
x: -1030.441934689405
y: 32.0
z: -1087.7488524170433
yaw: 2.1005158
pitch: 12.6
name: tntrun
