world: warps
x: 293.9793360367162
y: 36.0
z: -111.4561591322592
yaw: 3.1498327
pitch: 6.45006
name: tntrun2
